4147202453510420|06|25
4147202453510438|06|25
4147202453510446|06|25
4147202453510453|06|25
4147202453510461|06|25
4147202453510479|06|25
4147202453510487|06|25
4147202453510495|06|25
4147202453510503|06|25
4147202453510511|06|25
4147202453510529|06|25
4147202453510537|06|25
4147202453510545|06|25
4147202453510552|06|25
4147202453510560|06|25
4147202453510578|06|25
4147202453510586|06|25
4147202453510594|06|25
4147202453510602|06|25
4147202453510610|06|25
4147202453510628|06|25
4147202453510636|06|25
4147202453510644|06|25
4147202453510651|06|25
4147202453510669|06|25
4147202453510677|06|25
4147202453510685|06|25
4147202453510693|06|25
4147202453510701|06|25
4147202453510719|06|25
4147202453510727|06|25
4147202453510735|06|25
4147202453510743|06|25
