|06|25
4147202453510750
4147202453510768
4147202453510776
4147202453510784
4147202453510792
4147202453510800
4147202453510818
4147202453510826
4147202453510834
4147202453510842
4147202453510859
4147202453510867
4147202453510875
4147202453510883
4147202453510891
4147202453510909
4147202453510917
4147202453510925
4147202453510933
4147202453510941
4147202453510958
4147202453510966
4147202453510974
4147202453510982
4147202453510990
4147202453511006
4147202453511014
4147202453511022
4147202453511030
4147202453511048
4147202453511055
4147202453511063
4147202453511071
4147202453511089
4147202453511097
4147202453511105
4147202453511113
4147202453511121
4147202453511139
4147202453511147
4147202453511154
4147202453511162
4147202453511170
4147202453511188
4147202453511196
4147202453511204
4147202453511212
4147202453511220
4147202453511238
4147202453511246
4147202453511253
4147202453511261
4147202453511279
4147202453511287
4147202453511295
4147202453511303
4147202453511311
4147202453511329
4147202453511337
4147202453511345
4147202453511352
4147202453511360
4147202453511378
4147202453511386
4147202453511394
4147202453511402